Corssover rate: 0.5
========================
Best Individual Found: 
Sequence: 0 15 4 3 7 17 8 19 19 15 15 4 6 12 7 17 15 4 10 15 4 13 19 2 14 7 17 9 14 0 18 15 4 16 7 17 1 19 19 2 15 4 5 19 15 4 19 12 7 7 17 11 2 14 0 14 3 21 20 12 12 
Fitness: 742.836
========================
Corssover rate: 0.6
========================
Best Individual Found: 
Sequence: 0 7 5 11 9 4 8 19 19 7 9 4 16 2 10 0 17 9 4 7 5 13 19 17 9 9 4 3 19 2 10 19 7 5 7 5 12 7 5 15 7 5 1 10 0 18 7 5 6 9 4 14 19 19 2 10 11 21 20 17 17 
Fitness: 742.836
========================
Corssover rate: 0.7
========================
Best Individual Found: 
Sequence: 0 8 12 6 19 8 12 19 19 13 10 11 17 1 0 18 8 12 15 8 12 5 8 12 3 19 2 10 10 11 4 19 13 1 13 1 0 2 10 11 19 19 8 8 12 7 8 12 14 10 11 9 10 11 16 1 6 21 20 2 2 
Fitness: 742.836
========================
Corssover rate: 0.8
========================
Best Individual Found: 
Sequence: 0 10 7 13 19 19 8 9 0 18 11 6 5 11 6 2 11 6 14 8 9 0 1 11 6 19 19 10 19 10 7 19 1 11 19 8 9 10 7 3 10 7 17 11 6 4 10 7 16 10 7 12 10 7 15 9 13 21 20 1 1 
Fitness: 742.836
========================
Corssover rate: 0.9
========================
Best Individual Found: 
Sequence: 0 14 6 16 7 12 13 19 19 14 14 6 4 14 6 10 19 14 6 9 7 12 19 2 5 5 0 18 19 19 2 14 6 1 14 6 3 2 5 0 7 12 17 19 9 7 7 12 8 14 6 11 7 12 15 5 16 21 20 9 9 
Fitness: 742.836
========================
Corssover rate: 1.0
========================
Best Individual Found: 
Sequence: 0 6 14 15 19 7 4 6 14 8 1 5 9 19 6 14 7 4 0 19 16 1 19 19 6 6 14 10 1 5 17 1 5 3 6 14 12 6 14 2 4 0 18 16 1 5 6 14 11 19 19 7 1 5 13 4 15 21 20 16 16 
Fitness: 742.836
========================
Corssover rate: 0.8
Corssover rate: 0.8
