Muration rate: 0.005
========================
Best Individual Found: 
Sequence: 0 16 9 4 17 0 18 3 13 1 19 6 17 16 9 5 16 9 15 19 19 16 16 9 12 3 13 2 14 3 13 16 9 7 3 13 8 3 13 11 6 17 0 19 19 6 16 9 10 19 14 3 19 16 9 17 4 21 20 14 14 
Fitness: 742.836
========================
Muration rate: 0.01
========================
Best Individual Found: 
Sequence: 0 7 3 15 14 10 4 19 7 3 12 14 10 14 10 11 14 10 8 7 3 5 19 12 14 14 10 1 7 3 6 13 2 0 2 0 18 19 19 13 19 19 7 19 13 2 7 3 16 7 3 17 7 3 9 2 15 21 20 12 12 
Fitness: 742.836
========================
Muration rate: 0.0105
========================
Best Individual Found: 
Sequence: 0 12 2 6 10 4 14 11 10 4 10 4 1 16 15 0 12 2 3 12 2 8 12 2 13 12 2 7 15 0 18 19 16 15 19 19 16 19 11 10 12 2 5 10 4 17 19 12 2 19 19 12 10 4 9 15 6 21 20 11 11 
Fitness: 742.836
========================
Muration rate: 0.015
========================
Best Individual Found: 
Sequence: 0 13 16 8 19 19 13 19 19 1 13 16 15 9 7 14 13 16 10 9 7 4 1 17 0 13 16 5 19 1 17 13 16 12 17 0 18 13 16 3 19 2 9 9 7 11 9 7 6 2 9 7 19 13 16 17 8 21 20 2 2 
Fitness: 742.836
========================
Muration rate: 0.02
========================
Best Individual Found: 
Sequence: 0 3 7 2 16 14 13 3 14 1 19 19 16 6 0 17 16 14 11 19 3 7 19 16 14 6 2 18 19 19 3 16 14 5 16 14 15 6 0 8 16 14 10 9 6 0 16 0 4 19 9 6 6 0 12 7 1 21 20 9 9 
Fitness: 743.109
========================
Muration rate: 0.10
========================
Best Individual Found: 
Sequence: 0 10 9 7 3 19 15 10 15 8 19 2 1 13 12 17 14 14 4 16 1 2 3 14 6 11 5 9 11 7 18 19 19 11 16 14 3 17 11 13 0 2 5 11 15 2 10 2 2 10 3 5 16 18 14 3 17 21 20 0 3 
Fitness: 371.118
========================
Muration rate: 0.15
========================
Best Individual Found: 
Sequence: 0 19 11 13 12 18 0 9 5 1 17 0 9 17 19 18 1 12 10 3 10 1 19 12 8 9 11 18 19 1 10 16 6 7 0 4 1 3 17 2 2 9 15 5 18 13 19 5 7 12 8 18 11 19 13 6 14 21 20 2 10 
Fitness: 243.792
========================
Muration rate: 0.20
========================
Best Individual Found: 
Sequence: 0 5 2 17 18 5 10 6 11 11 5 14 15 10 3 0 12 12 15 6 16 8 14 18 13 11 16 4 13 7 14 6 7 11 17 11 12 8 8 1 15 9 7 16 0 2 15 11 6 15 16 19 18 13 17 12 9 21 3 1 0 
Fitness: -1000
========================
Muration rate: 0.001
========================
Best Individual Found: 
Sequence: 0 12 7 8 6 17 0 19 19 6 17 8 18 9 1 14 9 0 3 19 19 12 2 9 1 12 7 10 19 6 17 12 7 11 12 1 13 19 2 9 12 7 16 9 1 5 9 1 4 12 7 15 19 12 7 17 8 21 20 2 2 
Fitness: 742.563
========================
Muration rate: 0.005
========================
Best Individual Found: 
Sequence: 0 17 14 13 3 16 11 17 14 8 19 4 5 19 19 17 19 17 14 17 14 15 3 16 9 17 14 10 5 0 18 3 16 1 3 16 7 19 19 4 17 14 6 12 3 16 17 14 2 4 5 0 19 12 3 5 13 21 20 12 12 
Fitness: 742.836
========================
