Num units: 10
========================
Best Individual Found: 
Sequence: 0 5 1 4 5 6 7 5 1 0 5 1 8 5 1 3 9 6 6 9 5 1 5 6 2 6 1 11 10 5 7 
Fitness: 367.589
========================
Num units: 20
========================
Best Individual Found: 
Sequence: 0 16 7 6 19 19 13 19 13 17 16 7 8 16 7 12 13 17 0 16 7 4 1 2 5 2 5 11 2 5 14 16 7 3 2 5 9 16 7 10 19 19 16 2 5 15 17 0 18 19 1 2 19 16 7 17 6 21 20 1 1 
Fitness: 742.836
========================
Num units: 10
========================
Best Individual Found: 
Sequence: 0 6 7 3 9 6 5 6 7 4 6 7 2 6 7 8 6 6 7 9 9 1 6 1 0 1 7 11 10 6 5 
Fitness: 397.894
========================
Num units: 10
========================
Best Individual Found: 
Sequence: 0 5 6 3 9 5 6 5 6 7 5 6 2 5 0 8 9 9 1 9 5 0 5 6 4 5 0 11 10 5 1 
Fitness: 418.227
========================
Num units: 10
Num units: 20
Num units: 30
Num units: 40
Num units: 50
Num units: 60
Num units: 70
Num units: 80
Num units: 90
Num units: 100
Num units: 200
Num units: 300
Num units: 5
Num units: 10
Num units: 11
Num units: 12
Num units: 13
Num units: 14
Num units: 15
Num units: 16
Num units: 17
Num units: 18
Num units: 19
Num units: 20
Num units: 21
Num units: 22
Num units: 23
Num units: 24
Num units: 25
Num units: 26
Num units: 27
Num units: 28
Num units: 29
Num units: 30
Num units: 5
Num units: 10
Num units: 11
Num units: 12
Num units: 13
Num units: 14
Num units: 15
Num units: 16
Num units: 17
Num units: 18
Num units: 19
Num units: 20
Num units: 21
Num units: 22
Num units: 23
Num units: 24
Num units: 25
Num units: 26
Num units: 27
Num units: 28
Num units: 29
Num units: 30
Num units: 5
========================
Best Individual Found: 
Sequence: 0 2 1 3 2 2 0 4 4 1 2 1 6 5 2 2 
Fitness: 167.378
========================
Num units: 10
========================
Best Individual Found: 
Sequence: 0 6 3 2 6 3 0 6 3 5 6 7 1 6 3 8 6 3 4 9 9 7 9 6 3 7 1 11 10 6 6 
Fitness: 430.111
========================
Num units: 11
========================
Best Individual Found: 
Sequence: 0 8 1 2 8 6 0 8 1 7 8 1 5 10 8 6 8 1 9 10 8 1 8 1 3 10 4 4 8 1 12 11 8 4 
Fitness: 466.042
========================
Num units: 12
========================
Best Individual Found: 
Sequence: 0 5 3 4 2 3 7 11 5 6 5 6 0 5 3 9 11 11 2 11 5 3 2 3 10 5 3 1 5 3 8 2 3 13 12 5 5 
Fitness: 519.815
========================
Num units: 13
========================
Best Individual Found: 
Sequence: 0 3 7 10 3 4 8 3 4 1 12 9 9 3 7 0 12 3 7 3 7 2 3 3 4 3 4 11 12 3 5 3 7 6 3 4 14 13 3 9 
Fitness: 537.941
========================
Num units: 14
========================
Best Individual Found: 
Sequence: 0 6 4 11 3 8 10 3 8 12 13 6 9 6 3 8 3 8 2 13 13 3 3 4 1 6 4 0 13 6 4 3 8 5 3 4 7 9 8 15 14 6 6 
Fitness: 586.821
========================
Num units: 15
========================
Best Individual Found: 
Sequence: 0 3 4 11 3 9 0 5 4 6 14 7 5 7 9 1 14 7 9 5 1 13 14 14 3 3 4 2 7 3 4 3 4 12 3 4 10 3 4 8 5 1 16 15 7 7 
Fitness: 610.887
========================
Num units: 16
========================
Best Individual Found: 
Sequence: 0 8 4 6 15 8 4 3 10 11 15 8 1 8 3 10 8 4 13 8 4 9 15 8 3 15 7 7 8 4 5 8 4 0 3 10 12 3 10 14 8 10 2 1 10 17 16 8 7 
Fitness: 632.966
========================
Num units: 17
========================
Best Individual Found: 
Sequence: 0 8 9 5 8 9 4 10 14 3 10 14 15 10 9 7 8 9 1 16 16 8 10 9 11 16 16 10 6 10 14 16 6 13 10 14 12 10 14 2 16 8 9 6 13 0 13 0 18 17 6 6 
Fitness: 674.09
========================
Num units: 18
========================
Best Individual Found: 
Sequence: 0 2 8 13 2 8 7 17 17 4 4 11 10 17 5 14 17 17 2 4 11 15 4 11 6 5 4 11 4 11 3 14 0 12 5 14 0 14 0 16 2 8 1 17 2 8 4 11 9 14 0 19 18 5 5 
Fitness: 699.943
========================
Num units: 19
========================
Best Individual Found: 
Sequence: 0 15 13 4 9 10 8 15 10 16 9 10 1 15 13 5 15 13 12 18 18 14 9 10 3 11 0 17 18 6 11 6 11 0 6 15 13 15 13 2 6 9 10 18 18 15 18 6 9 9 10 7 11 0 20 19 6 14 
Fitness: 709.565
========================
Num units: 20
========================
Best Individual Found: 
Sequence: 0 5 2 7 13 12 0 3 6 1 19 19 13 5 2 16 19 3 6 19 13 12 5 2 10 6 1 15 6 1 8 5 2 17 12 0 18 19 5 2 19 19 5 6 1 11 6 1 14 5 2 9 5 2 4 12 7 21 20 3 3 
Fitness: 742.836
========================
Num units: 21
========================
Best Individual Found: 
Sequence: 0 4 14 5 9 11 16 13 11 1 13 7 10 20 15 13 4 14 18 4 7 3 17 9 11 13 7 2 15 4 14 13 7 8 4 14 0 9 11 19 20 17 9 15 13 7 20 20 17 9 11 12 20 20 4 4 14 6 9 5 22 21 15 15 
Fitness: 758.02
========================
Num units: 22
========================
Best Individual Found: 
Sequence: 0 2 8 18 21 21 14 21 1 6 6 13 11 17 16 5 17 18 20 21 14 17 17 16 4 1 6 13 6 16 19 6 13 9 6 13 10 2 8 15 14 17 16 21 21 2 2 13 3 2 8 0 21 2 8 2 8 12 17 16 7 8 15 23 22 1 1 
Fitness: 779.236
========================
Num units: 23
========================
Best Individual Found: 
Sequence: 0 17 4 11 2 8 3 22 9 12 2 8 15 10 2 8 17 8 18 12 7 19 17 4 0 9 12 7 22 22 17 22 22 9 17 8 5 22 17 4 12 7 6 12 7 13 2 7 14 4 11 20 22 10 2 2 8 1 12 0 16 4 5 21 4 1 24 23 10 10 
Fitness: 797.841
========================
Num units: 24
========================
Best Individual Found: 
Sequence: 0 19 11 15 20 13 4 23 23 18 20 13 1 20 0 17 19 11 12 23 19 11 6 0 16 23 23 10 6 5 22 8 23 8 2 20 13 19 11 14 18 6 0 19 13 21 19 11 5 6 15 9 20 0 7 10 23 19 10 2 20 23 18 6 20 13 3 6 14 25 24 10 2 
Fitness: 785.74
========================
Num units: 25
========================
Best Individual Found: 
Sequence: 0 7 14 11 16 8 3 7 14 18 16 2 22 24 19 16 4 0 20 7 15 10 24 17 4 7 14 2 24 24 19 4 15 12 7 14 8 4 15 5 16 0 21 17 4 15 19 16 0 17 7 14 24 24 9 7 15 6 24 24 7 4 0 13 16 11 1 16 18 23 14 10 26 25 17 17 
Fitness: 829.175
========================
Num units: 26
========================
Best Individual Found: 
Sequence: 0 3 10 2 25 25 3 3 10 13 25 19 21 7 6 23 21 0 14 3 10 8 25 3 10 3 20 12 7 0 17 19 21 20 7 13 4 3 20 22 3 10 6 21 0 9 21 20 5 10 12 24 7 2 11 25 25 1 25 25 18 1 7 0 25 1 7 21 20 15 10 8 16 10 15 27 26 19 19 
Fitness: 842.628
========================
Num units: 27
========================
Best Individual Found: 
Sequence: 0 21 15 4 21 12 13 18 7 8 18 0 5 21 15 1 18 4 10 23 12 22 21 15 0 18 7 3 26 26 21 15 1 16 15 24 17 9 18 7 23 12 24 26 26 9 19 23 12 15 13 11 15 20 25 26 21 15 26 26 14 23 12 6 26 19 23 23 7 2 26 9 18 23 12 20 15 22 28 27 19 19 
Fitness: 854.461
========================
Num units: 28
========================
Best Individual Found: 
Sequence: 0 24 7 20 24 7 0 23 17 5 23 17 2 27 27 21 23 1 19 15 7 22 21 23 17 23 17 3 12 15 7 23 1 16 9 25 13 27 27 4 9 6 18 7 8 26 27 4 23 9 1 11 24 9 1 9 22 14 23 1 10 15 7 25 27 27 24 15 17 8 12 24 9 27 12 15 15 7 6 7 2 29 28 12 12 
Fitness: 863.311
========================
Num units: 29
========================
Best Individual Found: 
Sequence: 0 9 20 23 28 28 25 28 28 9 6 0 7 9 24 21 9 11 4 28 2 20 6 0 14 6 24 3 28 15 6 20 5 22 15 6 24 11 21 16 9 11 17 20 23 18 28 28 2 11 8 27 9 11 5 20 13 26 6 24 8 1 9 11 9 24 19 20 4 12 9 11 13 2 20 0 28 28 15 20 17 10 11 3 30 29 1 1 
Fitness: 877.298
========================
Num units: 30
========================
Best Individual Found: 
Sequence: 0 11 1 17 5 8 2 3 19 7 29 16 11 1 18 24 29 29 3 8 2 23 3 1 0 29 3 19 19 7 27 29 29 5 29 5 8 1 13 28 8 7 9 19 21 25 11 2 18 29 29 10 11 1 21 11 2 6 16 11 1 19 17 14 11 1 15 1 23 12 8 2 26 1 6 22 19 15 4 8 7 13 19 7 20 2 9 31 30 16 16 
Fitness: 886.295
========================
