Num units: 10
========================
Best Individual Found: 
Sequence: 0 2 5 3 2 4 8 9 7 7 2 4 6 2 5 0 9 2 4 2 4 1 9 2 5 2 4 11 10 2 7 
Fitness: 419.418
========================
Num units: 20
========================
Best Individual Found: 
Sequence: 0 4 16 15 12 0 18 8 17 1 8 17 6 19 5 8 19 19 13 8 17 2 4 16 11 19 13 12 4 16 7 8 17 3 4 16 10 19 4 16 19 19 4 4 16 9 4 16 14 5 8 17 13 12 0 12 15 21 20 5 5 
Fitness: 742.836
========================
Num units: 30
========================
Best Individual Found: 
Sequence: 0 6 1 26 15 24 11 9 4 8 29 16 6 3 1 0 6 1 10 29 12 24 1 23 13 9 4 18 16 6 1 6 11 23 3 9 4 29 29 15 1 20 14 1 19 21 29 29 3 29 29 12 9 5 27 9 26 17 24 11 22 24 11 19 1 25 28 24 4 25 24 11 20 29 3 9 24 4 2 6 1 5 9 10 7 11 2 31 30 16 16 
Fitness: 886.296
========================
Num units: 40
========================
Best Individual Found: 
Sequence: 0 22 11 24 23 10 5 23 29 31 23 10 30 23 29 1 23 10 3 33 26 25 39 39 8 39 39 15 29 30 14 22 33 0 18 23 29 39 39 7 10 36 27 29 35 28 39 39 18 11 31 32 11 1 19 39 12 37 11 5 20 29 30 9 22 11 34 39 18 23 12 37 33 22 11 26 33 21 36 22 11 21 10 16 38 10 6 13 37 33 10 33 0 35 23 29 4 11 4 17 15 22 11 22 29 2 33 24 6 33 2 16 39 7 22 26 32 41 40 12 12 
Fitness: 952.363
========================
Num units: 50
========================
Best Individual Found: 
Sequence: 0 14 33 21 18 4 41 49 49 23 32 35 22 32 29 43 34 29 4 33 29 28 14 37 31 37 5 47 49 40 20 29 27 17 14 37 35 11 46 48 49 39 14 23 13 34 34 18 26 49 49 23 29 27 36 13 33 29 14 32 44 49 49 40 14 33 38 32 5 42 49 2 9 33 29 30 49 23 13 34 29 24 37 5 46 37 19 3 14 32 11 33 29 6 33 37 15 25 34 37 39 34 32 23 13 33 34 18 5 29 27 12 13 33 18 14 32 19 49 23 25 49 16 39 18 4 45 37 26 8 32 35 27 14 32 7 29 4 10 37 5 1 37 4 1 11 46 51 50 16 16 
Fitness: 973.775
========================
Num units: 60
========================
Best Individual Found: 
Sequence: 0 55 31 12 41 14 8 5 27 4 5 34 57 42 54 30 32 53 13 31 13 2 34 52 28 48 33 22 59 16 53 13 2 37 55 13 39 55 13 11 9 31 48 5 54 49 40 52 45 59 19 50 31 12 14 17 38 44 59 59 16 34 38 18 54 30 29 54 6 24 13 6 52 40 30 36 59 59 19 30 29 58 53 31 35 40 22 20 0 43 15 42 2 33 9 55 42 59 19 47 41 6 23 42 54 33 55 48 46 5 30 38 31 51 1 34 23 21 53 48 27 42 42 6 53 31 54 9 31 41 42 6 10 6 38 26 54 37 7 31 54 17 59 56 9 53 42 41 55 40 51 59 25 56 31 6 3 31 2 36 19 9 55 53 5 40 56 9 5 59 16 32 31 34 43 2 29 61 60 25 25 
Fitness: 988.255
========================
Num units: 70
========================
Best Individual Found: 
Sequence: 0 2 55 51 20 12 68 41 17 42 19 20 38 46 45 30 39 46 32 48 12 11 45 62 26 15 42 66 45 35 12 48 7 61 4 12 1 4 25 28 29 14 36 69 41 17 31 69 41 8 55 37 15 31 60 19 27 58 39 46 16 55 45 35 40 62 18 65 48 21 69 29 52 27 49 63 45 45 49 46 4 9 66 46 62 45 30 43 69 69 14 45 48 35 69 15 29 34 46 44 48 35 24 13 39 40 55 48 49 69 15 2 55 59 25 45 49 33 41 2 65 2 34 59 69 69 23 13 13 8 62 9 50 39 46 67 65 46 4 2 65 27 8 19 53 42 45 20 40 48 7 37 9 11 8 48 64 69 41 39 19 48 22 55 20 56 13 66 59 59 62 3 40 35 54 46 37 57 66 55 16 69 69 13 20 20 6 39 46 45 16 7 10 66 55 5 2 66 46 14 39 34 66 45 47 20 28 71 70 41 31 
Fitness: 987.116
========================
Num units: 80
========================
Best Individual Found: 
Sequence: 0 71 8 68 56 3 73 50 35 51 71 71 67 8 13 38 79 11 16 53 60 1 27 53 39 31 25 7 12 65 32 49 3 47 79 64 27 71 7 52 50 56 59 38 13 57 4 9 78 79 79 29 49 66 25 3 60 22 53 76 24 27 53 35 8 70 72 70 33 34 11 49 8 53 19 69 66 37 50 79 64 66 64 75 23 25 3 2 79 5 26 20 74 44 79 16 37 35 52 34 20 63 18 4 63 30 71 61 59 3 57 34 77 11 75 76 70 24 25 61 4 70 38 62 23 3 48 71 70 21 20 53 14 39 65 55 7 65 43 71 67 33 17 8 41 37 13 6 77 64 27 31 56 58 25 70 54 53 20 46 17 50 13 76 12 42 12 36 15 49 50 60 13 65 9 49 27 20 71 19 52 23 56 4 75 3 67 3 38 45 60 12 74 79 29 75 70 4 63 79 29 31 8 7 12 71 3 10 60 19 74 56 76 65 27 56 61 7 13 40 49 19 28 7 59 36 77 11 17 25 53 35 79 11 26 63 36 81 80 77 5 
Fitness: 990.238
========================
Num units: 90
========================
Best Individual Found: 
Sequence: 0 17 71 66 63 6 60 43 39 72 65 82 1 18 58 78 60 84 67 64 3 26 45 39 10 89 11 65 57 42 77 20 83 21 89 12 8 30 51 76 42 42 52 80 42 15 55 84 13 30 23 3 65 80 27 70 80 9 86 17 69 80 43 32 53 40 88 17 20 35 63 76 16 43 62 58 26 86 79 3 6 84 17 17 62 54 45 50 26 49 37 89 44 82 6 70 68 55 77 74 46 61 7 6 59 25 25 54 81 6 18 48 80 43 34 18 27 32 59 58 61 77 36 61 76 60 80 23 85 85 6 6 9 89 30 11 57 27 38 24 9 28 89 63 12 17 9 2 86 17 55 84 45 87 76 63 63 60 62 53 27 85 46 70 80 45 70 18 62 1 71 73 1 84 49 1 43 75 16 6 54 65 64 80 9 18 83 26 26 24 89 30 47 51 70 70 89 51 23 86 80 19 31 18 14 80 42 5 60 86 56 12 17 59 70 60 27 86 45 50 59 84 29 75 53 35 41 45 36 89 65 44 43 20 20 39 87 33 57 18 68 23 6 26 69 72 4 89 64 16 45 42 22 16 6 57 86 20 39 41 6 71 36 38 40 37 87 91 90 76 51 
Fitness: 994.346
========================
Num units: 100
========================
Best Individual Found: 
Sequence: 0 15 40 78 39 95 83 99 93 30 81 28 24 52 47 31 15 54 88 59 93 50 11 47 55 70 11 5 4 77 29 99 36 52 58 62 42 49 48 86 14 73 94 11 22 92 21 81 18 40 3 60 58 73 33 6 81 54 84 91 20 36 10 6 99 36 23 76 48 48 99 91 19 68 40 28 59 45 27 90 3 17 99 99 21 73 74 26 62 18 12 2 36 93 58 62 38 18 3 67 42 66 44 68 39 92 22 22 29 99 27 91 69 85 87 81 47 14 48 48 95 15 73 54 3 42 71 64 80 95 77 17 97 20 80 53 84 99 73 36 76 77 4 66 24 34 26 56 73 42 24 2 23 46 92 43 98 10 36 6 95 33 72 70 49 3 77 24 41 11 47 79 15 39 17 96 40 70 99 36 10 28 33 37 76 70 69 76 49 80 54 73 75 68 77 24 70 22 32 52 76 34 70 4 61 58 15 77 11 15 7 81 58 62 70 89 9 73 34 16 76 18 66 77 24 95 76 26 1 21 50 68 30 76 4 6 54 8 77 42 85 68 62 73 91 2 96 35 12 87 34 29 43 99 10 30 90 60 94 46 28 63 38 17 51 77 54 65 58 24 48 58 38 64 99 59 84 74 18 57 99 84 81 40 85 82 89 28 56 84 19 76 40 90 13 39 57 101 100 2 25 
Fitness: 991.935
========================
Num units: 200
========================
Best Individual Found: 
Sequence: 0 89 122 92 71 25 49 157 120 126 160 9 90 47 174 40 91 50 191 50 178 164 91 127 51 123 75 127 31 123 2 62 103 77 111 162 1 146 185 75 58 15 103 16 179 154 81 11 191 141 111 135 144 123 112 50 27 68 12 89 45 130 131 162 71 36 38 109 18 52 137 30 13 90 1 192 189 162 91 41 81 190 62 142 43 186 173 24 51 151 161 162 69 50 11 173 192 138 25 170 187 162 139 153 184 86 141 36 90 34 34 26 130 158 173 186 175 18 58 156 134 71 56 56 142 128 174 47 185 96 80 74 33 105 75 131 53 11 17 129 64 48 167 69 185 81 98 66 37 142 183 113 138 47 81 150 179 96 65 102 124 77 180 122 41 140 100 157 195 178 60 55 139 53 192 158 27 131 26 30 153 94 46 186 54 63 37 199 79 136 111 156 44 171 119 158 33 21 187 16 191 14 71 173 35 117 151 174 189 37 138 199 199 186 49 117 35 152 118 29 3 98 78 93 47 10 84 172 42 160 144 130 10 24 109 27 20 5 69 15 176 64 147 133 58 138 146 5 55 39 43 185 137 98 54 11 1 27 51 34 115 23 101 182 145 109 138 5 116 12 57 162 118 20 194 157 158 169 24 120 8 37 127 165 99 172 168 185 72 1 132 165 93 7 159 62 16 192 76 114 172 126 168 126 182 42 191 36 28 19 90 155 149 183 27 125 88 116 58 173 140 50 44 192 119 126 36 152 111 28 73 157 91 46 64 104 59 68 183 82 8 128 43 147 124 125 137 50 35 176 149 174 194 177 181 33 1 153 1 129 139 50 106 143 2 184 80 123 42 100 160 177 117 199 65 151 98 122 94 163 71 47 42 62 51 67 97 192 141 16 175 177 124 123 165 58 189 1 168 121 193 159 33 189 169 32 117 25 94 199 142 79 199 20 100 141 25 162 107 5 128 169 74 5 160 191 197 141 11 76 144 90 108 58 68 71 66 60 95 36 130 53 83 188 172 190 89 198 73 135 110 44 68 178 97 68 79 107 135 6 191 129 54 54 9 4 199 41 16 124 176 46 1 175 99 35 57 36 186 16 81 142 155 199 42 40 148 3 141 89 70 97 118 140 90 22 3 62 26 85 185 150 184 35 191 186 84 188 24 77 166 33 6 87 165 43 27 158 131 23 76 194 156 187 21 140 44 33 38 184 131 85 199 11 77 184 105 179 10 172 88 188 139 125 59 184 115 31 57 144 123 93 125 59 114 98 28 167 18 62 124 142 173 196 106 157 101 132 61 41 7 136 59 58 155 106 146 59 90 131 106 106 80 199 61 99 91 30 32 83 20 49 160 186 70 126 14 201 200 137 197 
Fitness: 978.665
========================
Num units: 300
