Population: 25
========================
Best Individual Found: 
Sequence: 0 14 7 17 12 7 0 4 1 9 4 5 8 16 14 7 12 4 1 4 5 3 12 4 5 7 1 11 4 1 18 4 5 15 4 0 2 19 14 14 19 12 16 19 4 4 7 5 6 19 12 13 4 5 10 7 0 21 20 16 16 
Fitness: 720.938
========================
Population: 50
========================
Best Individual Found: 
Sequence: 0 9 2 12 19 19 9 3 17 5 19 19 1 19 9 2 1 4 0 17 5 13 9 2 11 17 5 15 19 3 17 9 2 14 17 5 8 9 2 10 4 0 18 9 2 16 17 5 6 9 2 7 19 1 4 4 12 21 20 3 3 
Fitness: 742.836
========================
Population: 100
========================
Best Individual Found: 
Sequence: 0 9 16 8 19 9 16 14 1 0 7 2 15 9 16 17 1 0 18 9 16 10 19 14 1 9 16 6 19 13 7 9 16 4 7 2 3 7 2 11 19 19 14 19 19 9 7 2 5 13 7 2 9 16 12 1 8 21 20 13 13 
Fitness: 742.836
========================
Population: 150
========================
Best Individual Found: 
Sequence: 0 2 8 9 15 17 12 19 3 15 19 19 5 15 17 14 19 19 2 2 8 16 2 8 6 3 15 17 2 8 11 15 17 4 2 8 7 13 0 18 19 2 8 15 17 1 19 5 13 2 8 10 5 13 0 13 9 21 20 3 3 
Fitness: 742.836
========================
Population: 200
========================
Best Individual Found: 
Sequence: 0 10 8 7 19 10 8 19 19 6 11 12 5 10 8 17 11 12 13 19 19 10 10 8 16 2 11 12 11 12 3 19 2 11 19 6 1 6 1 0 1 0 18 11 12 9 10 8 4 10 8 15 10 8 14 1 7 21 20 2 2 
Fitness: 742.836
========================
Population: 250
========================
Best Individual Found: 
Sequence: 0 14 9 3 14 9 5 15 7 0 14 9 17 16 2 12 16 2 6 16 2 10 19 14 9 14 9 11 13 16 2 16 2 4 14 9 1 7 0 18 19 19 15 19 13 16 19 19 14 19 15 7 14 9 8 7 3 21 20 13 13 
Fitness: 742.836
========================
